   9.1465375e-01
   8.4552569e-01
   8.0826439e-01
   7.5379849e-01
   8.2391701e-01
   7.6218412e-01
   7.2736092e-01
   6.8050936e-01
   6.7154880e-01
   6.2439986e-01
   5.9603060e-01
   5.5921547e-01
   9.2085068e-01
   8.7971697e-01
   8.2358737e-01
   7.5241196e-01
   7.1454985e-01
   6.9232726e-01
   6.6195511e-01
   5.3324707e-01
   5.0693573e-01
   4.9237760e-01
   4.7141370e-01
   3.1602725e-01
   3.0200687e-01
   2.9551798e-01
   2.8372709e-01
   9.4550115e-01
   9.1926568e-01
   8.8338819e-01
   7.6866414e-01
   6.9285727e-01
   6.4537814e-01
   5.8044137e-01
   5.5399078e-01
   4.9701403e-01
   4.6249618e-01
   4.1783597e-01
   3.5078701e-01
   3.2089251e-01
   2.9973853e-01
   2.7508562e-01
   9.0934935e-01
   8.5616625e-01
   7.8254512e-01
   7.0296722e-01
   6.6194733e-01
   6.3676490e-01
   6.0013218e-01
   4.6354992e-01
   4.3562067e-01
   4.1962877e-01
   3.9364585e-01
   2.4943990e-01
   2.3483079e-01
   2.2774909e-01
   2.1278644e-01
   9.4197140e-01
   9.0919733e-01
   8.6252434e-01
   7.4707365e-01
   6.9149673e-01
   6.5005792e-01
   5.9401868e-01
   5.2743462e-01
   4.8739396e-01
   4.5714560e-01
   4.1882909e-01
   3.2561705e-01
   3.0402394e-01
   2.8748456e-01
   2.6598062e-01
   9.3055262e-01
   8.8002338e-01
   8.1515707e-01
   7.7135518e-01
   7.2729740e-01
   7.0435082e-01
   6.7091524e-01
   5.9235422e-01
   5.6181626e-01
   5.4447346e-01
   5.2270465e-01
   4.0359877e-01
   3.8640789e-01
   3.7597185e-01
   3.6052971e-01
   9.4010941e-01
   9.1336734e-01
   8.7327154e-01
   7.4623955e-01
   7.0908655e-01
   6.8563690e-01
   6.5283332e-01
   5.2751436e-01
   5.0173906e-01
   4.8514277e-01
   4.6321964e-01
   3.1968761e-01
   3.0427122e-01
   2.9454191e-01
   2.8336807e-01
   9.3989425e-01
   9.1117476e-01
   8.7086289e-01
   7.8005321e-01
   7.3032750e-01
   7.0826985e-01
   6.7305454e-01
   5.7232277e-01
   5.3692056e-01
   5.2001415e-01
   4.9446159e-01
   3.5918578e-01
   3.4101646e-01
   3.3346659e-01
   3.1972256e-01
   9.3482782e-01
   9.0616266e-01
   8.6648731e-01
   7.8958604e-01
   7.2229394e-01
   6.7937651e-01
   6.1273519e-01
   6.2825246e-01
   5.7524816e-01
   5.4001265e-01
   4.8729527e-01
   4.4710673e-01
   4.0798192e-01
   3.8187944e-01
   3.4679527e-01
   9.1262684e-01
   8.5889842e-01
   7.8046002e-01
   7.0401952e-01
   6.5584796e-01
   6.2567373e-01
   5.7813543e-01
   4.5384830e-01
   4.1985122e-01
   4.0043277e-01
   3.7024216e-01
   2.2671461e-01
   2.0983191e-01
   2.0084034e-01
   1.8663462e-01
   9.3535940e-01
   8.9665936e-01
   8.3776461e-01
   7.5302741e-01
   6.9693997e-01
   6.6188932e-01
   6.1504229e-01
   5.3130134e-01
   4.8997213e-01
   4.6446396e-01
   4.3045728e-01
   3.2162875e-01
   2.9879345e-01
   2.8537397e-01
   2.6666597e-01
   9.3034166e-01
   8.8798220e-01
   8.3142338e-01
   7.4685866e-01
   6.7761044e-01
   6.2916659e-01
   5.6007643e-01
   5.1576243e-01
   4.6601743e-01
   4.3321942e-01
   3.8852743e-01
   3.0224006e-01
   2.7709236e-01
   2.5843371e-01
   2.3375451e-01
   9.1884711e-01
   8.6102147e-01
   7.7780518e-01
   8.1217757e-01
   7.2596715e-01
   6.6315663e-01
   5.8427229e-01
   6.2714181e-01
   5.5508256e-01
   5.0832695e-01
   4.4848306e-01
   4.2502999e-01
   3.7971067e-01
   3.4892952e-01
   3.1178529e-01
   8.9981749e-01
   8.3042558e-01
   7.4059235e-01
   7.8199711e-01
   7.0464382e-01
   6.5899548e-01
   5.9631700e-01
   5.9298910e-01
   5.3680574e-01
   5.0498331e-01
   4.5914603e-01
   4.2057660e-01
   3.8584311e-01
   3.6608076e-01
   3.3211509e-01
   8.9679181e-01
   8.4207978e-01
   7.6758837e-01
   8.1184774e-01
   7.4423296e-01
   6.9569634e-01
   6.4752779e-01
   6.1823471e-01
   5.6508517e-01
   5.2875781e-01
   4.9404739e-01
   4.0127935e-01
   3.7014861e-01
   3.4895823e-01
   3.2903658e-01
   9.1552710e-01
   8.6138465e-01
   8.0527776e-01
   9.1465375e-01
   8.5944167e-01
   6.9038547e-01
   5.7370024e-01
   8.2391701e-01
   7.6984036e-01
   6.1395458e-01
   5.0795805e-01
   6.7154880e-01
   6.2589809e-01
   4.9458676e-01
   4.0846336e-01
   9.3513249e-01
   7.5862498e-01
   6.3398738e-01
   7.5241196e-01
   7.3453429e-01
   6.6701419e-01
   6.0407023e-01
   5.3324707e-01
   5.1890018e-01
   4.6687115e-01
   4.1775069e-01
   3.1602725e-01
   3.0617589e-01
   2.7449903e-01
   2.4543398e-01
   9.6931292e-01
   8.8604319e-01
   8.1225370e-01
   7.6866414e-01
   7.2698642e-01
   5.8400063e-01
   4.7171402e-01
   5.5399078e-01
   5.1783437e-01
   4.0710260e-01
   3.2620069e-01
   3.5078701e-01
   3.2684306e-01
   2.5127373e-01
   1.9664057e-01
   9.4652756e-01
   7.8205683e-01
   6.4874050e-01
   7.0296722e-01
   6.8568208e-01
   6.1837804e-01
   5.5502602e-01
   4.6354992e-01
   4.4965400e-01
   3.9987597e-01
   3.5472637e-01
   2.4943990e-01
   2.4066727e-01
   2.1099501e-01
   1.8435169e-01
   9.7026862e-01
   8.8355612e-01
   8.0418935e-01
   7.4707365e-01
   7.1848520e-01
   6.1184090e-01
   5.2469847e-01
   5.2743462e-01
   5.0251040e-01
   4.1921344e-01
   3.5429795e-01
   3.2561705e-01
   3.0899814e-01
   2.5356670e-01
   2.1531324e-01
   9.5780480e-01
   8.3366104e-01
   7.3151953e-01
   7.7135518e-01
   7.3494462e-01
   6.2967990e-01
   5.5378985e-01
   5.9235422e-01
   5.6187858e-01
   4.7722872e-01
   4.1647919e-01
   4.0359877e-01
   3.8196114e-01
   3.2071469e-01
   2.7784992e-01
   9.4525629e-01
   8.1951089e-01
   7.2947082e-01
   7.4623955e-01
   7.2452344e-01
   6.4796904e-01
   5.8286252e-01
   5.2751436e-01
   5.1129775e-01
   4.5405798e-01
   4.0756335e-01
   3.1968761e-01
   3.0851426e-01
   2.7312507e-01
   2.4508625e-01
   9.6494373e-01
   8.7028606e-01
   7.9074667e-01
   7.8005321e-01
   7.5293460e-01
   6.6148243e-01
   5.8737296e-01
   5.7232277e-01
   5.4970016e-01
   4.7844370e-01
   4.2203040e-01
   3.5918578e-01
   3.4425269e-01
   3.0076466e-01
   2.6347044e-01
   9.6040076e-01
   8.5413363e-01
   7.6766909e-01
   7.8958604e-01
   7.3871822e-01
   5.7412346e-01
   4.5125509e-01
   6.2825246e-01
   5.8334831e-01
   4.4291325e-01
   3.4626980e-01
   4.4710673e-01
   4.1275283e-01
   3.0546372e-01
   2.3520053e-01
   9.3466887e-01
   7.3575264e-01
   5.9125658e-01
   7.0401952e-01
   6.8278507e-01
   5.9861905e-01
   5.2145284e-01
   4.5384830e-01
   4.3530277e-01
   3.7536852e-01
   3.2039847e-01
   2.2671461e-01
   2.1662874e-01
   1.8153696e-01
   1.5679444e-01
   9.6684574e-01
   8.6134105e-01
   7.6757233e-01
   7.5302741e-01
   7.2464031e-01
   6.2579077e-01
   5.3999331e-01
   5.3130134e-01
   5.0840395e-01
   4.3175885e-01
   3.6988160e-01
   3.2162875e-01
   3.0612915e-01
   2.5816107e-01
   2.1951217e-01
   9.5891736e-01
   8.3867656e-01
   7.3922258e-01
   7.4685866e-01
   7.1177127e-01
   5.8669511e-01
   4.9066492e-01
   5.1576243e-01
   4.8612983e-01
   3.9455040e-01
   3.2442724e-01
   3.0224006e-01
   2.8363489e-01
   2.2886648e-01
   1.8873889e-01
   9.5624639e-01
   8.0999223e-01
   6.9017166e-01
   8.1217757e-01
   7.5346166e-01
   5.6089733e-01
   4.3422042e-01
   6.2714181e-01
   5.7659658e-01
   4.1847013e-01
   3.1511530e-01
   4.2502999e-01
   3.8666938e-01
   2.7784803e-01
   2.0721497e-01
   9.3069774e-01
   7.1432508e-01
   5.5629037e-01
   7.8199711e-01
   7.3315801e-01
   5.7422271e-01
   4.6206518e-01
   5.9298910e-01
   5.5080417e-01
   4.2417433e-01
   3.3971409e-01
   4.2057660e-01
   3.8855408e-01
   2.9701678e-01
   2.3396308e-01
   9.3548477e-01
   7.4764168e-01
   6.1036249e-01
   8.1184774e-01
   7.7293663e-01
   6.3801343e-01
   5.3313161e-01
   6.1823471e-01
   5.8357813e-01
   4.7461868e-01
   3.9364501e-01
   4.0127935e-01
   3.7794461e-01
   3.0330375e-01
   2.5364472e-01
   9.4825868e-01
   7.9440076e-01
   6.7557699e-01
